# Created at Mon Aug 12 13:16:15 PDT 2019 in Burnaby Canada 
4239043401821 982.624512 
4239083401821 982.634766 
4239123401821 982.627197 
4239163401821 982.623291 
4239203401821 982.629639 
4239243401821 982.621094 
4239283401821 982.623291 
4239323401821 982.630371 
4239363401821 982.630615 
4239403401821 982.626709 
4239443401821 982.623535 
4239483401821 982.624756 
4239523401821 982.618164 
4239563401821 982.624756 
4239603401821 982.633057 
4239643401821 982.637207 
4239683401821 982.635742 
4239723401821 982.641602 
4239763401821 982.641113 
4239803401821 982.645264 
4239843401821 982.625732 
4239883401821 982.617432 
4239923401821 982.622803 
4239963401821 982.624268 
4240003401821 982.629639 
4240043401821 982.626465 
4240083401821 982.632324 
4240123401821 982.627930 
4240163401821 982.629639 
4240203401821 982.629150 
4240243401821 982.634277 
4240283401821 982.642822 
4240323401821 982.645752 
4240363401821 982.641602 
4240403401821 982.631104 
4240443401821 982.629883 
4240483401821 982.631836 
4240523401821 982.638672 
4240563401821 982.634766 
4240603401821 982.630371 
4240643401821 982.622559 
4240683401821 982.626953 
4240723401821 982.635254 
4240763401821 982.633057 
4240803401821 982.626953 
4240843401821 982.629883 
4240883401821 982.635010 
4240923401821 982.628418 
4240963401821 982.625244 
4241003401821 982.621094 
4241043401821 982.621094 
4241083401821 982.627930 
4241123401821 982.637695 
4241163401821 982.628906 
4241203401821 982.631348 
4241243401821 982.628418 
4241283401821 982.633057 
4241323401821 982.624512 
4241363401821 982.629883 
4241403401821 982.629883 
4241443401821 982.627686 
4241483401821 982.626221 
4241523401821 982.623779 
4241563401821 982.622559 
4241603401821 982.625488 
4241643401821 982.631104 
4241683401821 982.628906 
4241723401821 982.627441 
4241763401821 982.630127 
4241803401821 982.626709 
4241843401821 982.631836 
4241883401821 982.632080 
4241923401821 982.629395 
4241963401821 982.631348 
4242003401821 982.629150 
4242043401821 982.634521 
4242083401821 982.638428 
4242123401821 982.636963 
4242163401821 982.639160 
4242203401821 982.633301 
4242243401821 982.619385 
4242283401821 982.623047 
4242323401821 982.637695 
4242363401821 982.633057 
4242403401821 982.637451 
4242443401821 982.625244 
4242483401821 982.624512 
4242523401821 982.628174 
4242563401821 982.626709 
4242603401821 982.626709 
4242643401821 982.626465 
4242683401821 982.626953 
4242723401821 982.625977 
4242763401821 982.624512 
4242803401821 982.624512 
4242843401821 982.624512 
4242883401821 982.620117 
4242923401821 982.611816 
4242963401821 982.620605 
4243003401821 982.623779 
4243043401821 982.621582 
4243083401821 982.619141 
4243123401821 982.619629 
4243163401821 982.618652 
4243203401821 982.618164 
4243243401821 982.619141 
4243283401821 982.623291 
4243323401821 982.626465 
4243363401821 982.628906 
4243403401821 982.623291 
4243443401821 982.624268 
4243483401821 982.615723 
4243523401821 982.596924 
4243563401821 982.556396 
4243603401821 982.557617 
4243643401821 982.573242 
4243683401821 982.586182 
4243723401821 982.593506 
4243763401821 982.603760 
4243803401821 982.614014 
4243843401821 982.620850 
4243883401821 982.621582 
4243923401821 982.614258 
4243963401821 982.619873 
4244003401821 982.629395 
4244043401821 982.626221 
4244083401821 982.626465 
4244123401821 982.623047 
4244163401821 982.617676 
4244203401821 982.622314 
4244243401821 982.626465 
4244283401821 982.625000 
4244323401821 982.622803 
4244363401821 982.624023 
4244403401821 982.623047 
4244443401821 982.613037 
4244483401821 982.616943 
4244523401821 982.611084 
4244563401821 982.617188 
4244603401821 982.611084 
4244643401821 982.606689 
4244683401821 982.610107 
4244723401821 982.600342 
4244763401821 982.597900 
4244803401821 982.595703 
4244843401821 982.597900 
4244883401821 982.611328 
4244923401821 982.613525 
4244963401821 982.613281 
4245003401821 982.620605 
4245043401821 982.635254 
4245083401821 982.633301 
4245123401821 982.641846 
4245163401821 982.646729 
4245203401821 982.645020 
4245243401821 982.642578 
4245283401821 982.646973 
4245323401821 982.653809 
4245363401821 982.656494 
4245403401821 982.639404 
4245443401821 982.635010 
4245483401821 982.623535 
4245523401821 982.629883 
4245563401821 982.629883 
4245603401821 982.618896 
4245643401821 982.606934 
4245683401821 982.599854 
4245723401821 982.599121 
4245763401821 982.607910 
4245803401821 982.596191 
4245843401821 982.600098 
4245883401821 982.593262 
4245923401821 982.592041 
4245963401821 982.591064 
4246003401821 982.596924 
4246043401821 982.598145 
4246083401821 982.602783 
4246123401821 982.597412 
4246163401821 982.596436 
4246203401821 982.585693 
4246243401821 982.581787 
4246283401821 982.577881 
4246323401821 982.579590 
4246363401821 982.566406 
4246403401821 982.565918 
4246443401821 982.565918 
4246483401821 982.566650 
4246523401821 982.572021 
4246563401821 982.580322 
4246603401821 982.590576 
4246643401821 982.607910 
4246683401821 982.625488 
4246723401821 982.626709 
4246763401821 982.614258 
4246803401821 982.603271 
4246843401821 982.600098 
4246883401821 982.594971 
4246923401821 982.592529 
4246963401821 982.600830 
4247003401821 982.598877 
4247043401821 982.591797 
4247083401821 982.592285 
4247123401821 982.585205 
4247163401821 982.567871 
4247203401821 982.582031 
4247243401821 982.584229 
4247283401821 982.586426 
4247323401821 982.585693 
4247363401821 982.593994 
4247403401821 982.597900 
4247443401821 982.601563 
4247483401821 982.599609 
4247523401821 982.612061 
4247563401821 982.611084 
4247603401821 982.611084 
4247643401821 982.598389 
4247683401821 982.593994 
4247723401821 982.578125 
4247763401821 982.564453 
4247803401821 982.553711 
4247843401821 982.550049 
4247883401821 982.549072 
4247923401821 982.560547 
4247963401821 982.565430 
4248003401821 982.571777 
4248043401821 982.582031 
4248083401821 982.577393 
4248123401821 982.582764 
4248163401821 982.587402 
4248203401821 982.579590 
4248243401821 982.579834 
4248283401821 982.586670 
4248323401821 982.589355 
4248363401821 982.589111 
4248403401821 982.587158 
4248443401821 982.589600 
4248483401821 982.594971 
4248523401821 982.585693 
4248563401821 982.589600 
4248603401821 982.591064 
4248643401821 982.581787 
4248683401821 982.579590 
4248723401821 982.589111 
4248763401821 982.589844 
4248803401821 982.602783 
4248843401821 982.609619 
4248883401821 982.621582 
4248923401821 982.625488 
4248963401821 982.628662 
4249003401821 982.627930 
4249043401821 982.627930 
4249083401821 982.627197 
4249123401821 982.610596 
4249163401821 982.609619 
4249203401821 982.595703 
4249243401821 982.606934 
4249283401821 982.610596 
4249323401821 982.612305 
4249363401821 982.614746 
4249403401821 982.610352 
4249443401821 982.601807 
4249483401821 982.602783 
4249523401821 982.605225 
4249563401821 982.600830 
4249603401821 982.601563 
4249643401821 982.599609 
4249683401821 982.595459 
4249723401821 982.587158 
4249763401821 982.602783 
4249803401821 982.593506 
4249843401821 982.587891 
4249883401821 982.577393 
4249923401821 982.580566 
4249963401821 982.568359 
4250003401821 982.566650 
4250043401821 982.570313 
4250083401821 982.569580 
4250123401821 982.563965 
4250163401821 982.560547 
4250203401821 982.570313 
4250243401821 982.568604 
4250283401821 982.570313 
4250323401821 982.577393 
4250363401821 982.584717 
4250403401821 982.590332 
4250443401821 982.577148 
4250483401821 982.560303 
4250523401821 982.565918 
4250563401821 982.570557 
4250603401821 982.569824 
4250643401821 982.584961 
4250683401821 982.593262 
4250723401821 982.595947 
4250763401821 982.589355 
4250803401821 982.591553 
4250843401821 982.590332 
4250883401821 982.590576 
4250923401821 982.593262 
4250963401821 982.596924 
4251003401821 982.601074 
4251043401821 982.610107 
4251083401821 982.617432 
4251123401821 982.618896 
4251163401821 982.617432 
4251203401821 982.626709 
4251243401821 982.644287 
4251283401821 982.649414 
4251323401821 982.641602 
4251363401821 982.642578 
4251403401821 982.631592 
4251443401821 982.634766 
4251483401821 982.627930 
4251523401821 982.616211 
4251563401821 982.606934 
4251603401821 982.595947 
4251643401821 982.596680 
4251683401821 982.591309 
4251723401821 982.587891 
4251763401821 982.589355 
4251803401821 982.598145 
4251843401821 982.599121 
4251883401821 982.588135 
4251923401821 982.581299 
4251963401821 982.578613 
4252003401821 982.570557 
4252043401821 982.572998 
4252083401821 982.567627 
4252123401821 982.574707 
4252163401821 982.572021 
4252203401821 982.572021 
4252243401821 982.578613 
4252283401821 982.569580 
4252323401821 982.565430 
4252363401821 982.560059 
4252403401821 982.569824 
4252443401821 982.579346 
4252483401821 982.570557 
4252523401821 982.570557 
4252563401821 982.581055 
4252603401821 982.590820 
4252643401821 982.593750 
4252683401821 982.600586 
4252723401821 982.614990 
4252763401821 982.611328 
4252803401821 982.606445 
4252843401821 982.610840 
4252883401821 982.624756 
4252923401821 982.623047 
4252963401821 982.633301 
4253003401821 982.645508 
4253043401821 982.630859 
4253083401821 982.627930 
4253123401821 982.622070 
4253163401821 982.612061 
4253203401821 982.612305 
4253243401821 982.620850 
4253283401821 982.616699 
4253323401821 982.615234 
4253363401821 982.619141 
4253403401821 982.609619 
4253443401821 982.609619 
4253483401821 982.620850 
4253523401821 982.634033 
4253563401821 982.631104 
4253603401821 982.642578 
4253643401821 982.637451 
4253683401821 982.638184 
4253723401821 982.623535 
4253763401821 982.617188 
4253803401821 982.611816 
4253843401821 982.608643 
4253883401821 982.598633 
4253923401821 982.588623 
4253963401821 982.585693 
4254003401821 982.572021 
4254043401821 982.565674 
4254083401821 982.559570 
4254123401821 982.560547 
4254163401821 982.549561 
4254203401821 982.565674 
4254243401821 982.568115 
4254283401821 982.563477 
4254323401821 982.562988 
4254363401821 982.563721 
4254403401821 982.552246 
4254443401821 982.537598 
4254483401821 982.536377 
4254523401821 982.541016 
4254563401821 982.552979 
4254603401821 982.565674 
4254643401821 982.571533 
4254683401821 982.569824 
4254723401821 982.577393 
4254763401821 982.591309 
4254803401821 982.594971 
4254843401821 982.596924 
4254883401821 982.618408 
4254923401821 982.615723 
4254963401821 982.617920 
4255003401821 982.614502 
4255043401821 982.605469 
4255083401821 982.604980 
4255123401821 982.605225 
4255163401821 982.601318 
4255203401821 982.603027 
4255243401821 982.611328 
4255283401821 982.614502 
4255323401821 982.617920 
4255363401821 982.610107 
4255403401821 982.606934 
4255443401821 982.617432 
4255483401821 982.639160 
4255523401821 982.636963 
4255563401821 982.640137 
4255603401821 982.630615 
4255643401821 982.624023 
4255683401821 982.598633 
4255723401821 982.593506 
4255763401821 982.587646 
4255803401821 982.592529 
4255843401821 982.599365 
4255883401821 982.592529 
4255923401821 982.591797 
4255963401821 982.587402 
4256003401821 982.582275 
4256043401821 982.556152 
4256083401821 982.547852 
4256123401821 982.541260 
4256163401821 982.546387 
4256203401821 982.554443 
4256243401821 982.554932 
4256283401821 982.564941 
4256323401821 982.566650 
4256363401821 982.574463 
4256403401821 982.580322 
4256443401821 982.586426 
4256483401821 982.588867 
4256523401821 982.585205 
4256563401821 982.575684 
4256603401821 982.572266 
4256643401821 982.575928 
4256683401821 982.582031 
4256723401821 982.588379 
4256763401821 982.586914 
4256803401821 982.592041 
4256843401821 982.587402 
4256883401821 982.579102 
4256923401821 982.581787 
4256963401821 982.574219 
4257003401821 982.575195 
4257043401821 982.579346 
4257083401821 982.585205 
4257123401821 982.576172 
4257163401821 982.563965 
4257203401821 982.553467 
4257243401821 982.541260 
4257283401821 982.524170 
4257323401821 982.523682 
4257363401821 982.515381 
4257403401821 982.524170 
4257443401821 982.533447 
4257483401821 982.541016 
4257523401821 982.554443 
4257563401821 982.563721 
4257603401821 982.569824 
4257643401821 982.572510 
4257683401821 982.572021 
4257723401821 982.572754 
4257763401821 982.574707 
4257803401821 982.569092 
4257843401821 982.574219 
4257883401821 982.579590 
4257923401821 982.587891 
4257963401821 982.592529 
4258003401821 982.595459 
4258043401821 982.593750 
4258083401821 982.593750 
4258123401821 982.594238 
4258163401821 982.596191 
4258203401821 982.592041 
4258243401821 982.587158 
4258283401821 982.585449 
4258323401821 982.581055 
4258363401821 982.585938 
4258403401821 982.597656 
4258443401821 982.606689 
4258483401821 982.617920 
4258523401821 982.623291 
4258563401821 982.631104 
4258603401821 982.649414 
4258643401821 982.670166 
4258683401821 982.706787 
4258723401821 982.721191 
4258763401821 982.721191 
4258803401821 982.721191 
4258843401821 982.714111 
4258883401821 982.695313 
4258923401821 982.686035 
4258963401821 982.675049 
4259003401821 982.667236 
4259043401821 982.656006 
4259083401821 982.660156 
4259123401821 982.644775 
4259163401821 982.626709 
4259203401821 982.610596 
4259243401821 982.604248 
4259283401821 982.563721 
4259323401821 982.515869 
4259363401821 982.486816 
4259403401821 982.471191 
4259443401821 982.468750 
4259483401821 982.486572 
4259523401821 982.502686 
4259563401821 982.512451 
4259603401821 982.518799 
4259643401821 982.527588 
4259683401821 982.542480 
4259723401821 982.555908 
4259763401821 982.571045 
4259803401821 982.572754 
4259843401821 982.560303 
4259883401821 982.563965 
4259923401821 982.563965 
4259963401821 982.568848 
4260003401821 982.574707 
4260043401821 982.583252 
4260083401821 982.583252 
4260123401821 982.583984 
4260163401821 982.586426 
4260203401821 982.579102 
4260243401821 982.577393 
4260283401821 982.582520 
4260323401821 982.587402 
4260363401821 982.589600 
4260403401821 982.591064 
4260443401821 982.601074 
4260483401821 982.605713 
4260523401821 982.606445 
4260563401821 982.606445 
4260603401821 982.606689 
4260643401821 982.626221 
4260683401821 982.641602 
4260723401821 982.653809 
4260763401821 982.654297 
4260803401821 982.658936 
4260843401821 982.665283 
4260883401821 982.666992 
4260923401821 982.687744 
4260963401821 982.706543 
4261003401821 982.700684 
4261043401821 982.704346 
4261083401821 982.684570 
4261123401821 982.665527 
4261163401821 982.650635 
4261203401821 982.612549 
4261243401821 982.575195 
4261283401821 982.538818 
4261323401821 982.510986 
4261363401821 982.491699 
4261403401821 982.490723 
4261443401821 982.494141 
4261483401821 982.508789 
4261523401821 982.521729 
4261563401821 982.534180 
4261603401821 982.544434 
4261643401821 982.547363 
4261683401821 982.556152 
4261723401821 982.559570 
4261763401821 982.573486 
4261803401821 982.578857 
4261843401821 982.572266 
4261883401821 982.575439 
4261923401821 982.575195 
4261963401821 982.572021 
4262003401821 982.567627 
4262043401821 982.563477 
4262083401821 982.570068 
4262123401821 982.576416 
4262163401821 982.585205 
4262203401821 982.591309 
4262243401821 982.587158 
4262283401821 982.579590 
4262323401821 982.581543 
4262363401821 982.584229 
4262403401821 982.580322 
4262443401821 982.587402 
4262483401821 982.596924 
4262523401821 982.605957 
4262563401821 982.609619 
4262603401821 982.622070 
4262643401821 982.633057 
4262683401821 982.628662 
4262723401821 982.640869 
4262763401821 982.636719 
4262803401821 982.631348 
4262843401821 982.627197 
4262883401821 982.627197 
4262923401821 982.621094 
4262963401821 982.619629 
4263003401821 982.614746 
4263043401821 982.618164 
4263083401821 982.619629 
4263123401821 982.620605 
4263163401821 982.614258 
4263203401821 982.600342 
4263243401821 982.570557 
4263283401821 982.552246 
4263323401821 982.536133 
4263363401821 982.528809 
4263403401821 982.530518 
4263443401821 982.538818 
4263483401821 982.549316 
4263523401821 982.555420 
4263563401821 982.558350 
4263603401821 982.559326 
4263643401821 982.565674 
4263683401821 982.571777 
4263723401821 982.580811 
4263763401821 982.582520 
4263803401821 982.578613 
4263843401821 982.581299 
4263883401821 982.583252 
4263923401821 982.585449 
4263963401821 982.584717 
4264003401821 982.585449 
4264043401821 982.588135 
4264083401821 982.589355 
4264123401821 982.590088 
4264163401821 982.579102 
4264203401821 982.583740 
4264243401821 982.592773 
4264283401821 982.595215 
4264323401821 982.601318 
4264363401821 982.606689 
4264403401821 982.601807 
4264443401821 982.605957 
4264483401821 982.606201 
4264523401821 982.610596 
4264563401821 982.611572 
4264603401821 982.614990 
4264643401821 982.622803 
4264683401821 982.620605 
4264723401821 982.626221 
4264763401821 982.625000 
4264803401821 982.634033 
4264843401821 982.633789 
4264883401821 982.639648 
4264923401821 982.628418 
4264963401821 982.610107 
4265003401821 982.593262 
4265043401821 982.577148 
4265083401821 982.562012 
4265123401821 982.563965 
4265163401821 982.560059 
4265203401821 982.567139 
4265243401821 982.571289 
4265283401821 982.571289 
4265323401821 982.571289 
4265363401821 982.577881 
4265403401821 982.578613 
4265443401821 982.578613 
4265483401821 982.576416 
4265523401821 982.585449 
4265563401821 982.582764 
4265603401821 982.586670 
4265643401821 982.594971 
4265683401821 982.595459 
4265723401821 982.591797 
4265763401821 982.597168 
4265803401821 982.603271 
4265843401821 982.600586 
4265883401821 982.595215 
4265923401821 982.585938 
4265963401821 982.584961 
4266003401821 982.583740 
4266043401821 982.596680 
4266083401821 982.602539 
4266123401821 982.602783 
4266163401821 982.603516 
4266203401821 982.609375 
4266243401821 982.617188 
4266283401821 982.614258 
4266323401821 982.619385 
4266363401821 982.619629 
4266403401821 982.612793 
4266443401821 982.602783 
4266483401821 982.603271 
4266523401821 982.595459 
4266563401821 982.599609 
4266603401821 982.596924 
4266643401821 982.602295 
4266683401821 982.600342 
4266723401821 982.601074 
4266763401821 982.600586 
4266803401821 982.593262 
4266843401821 982.598389 
4266883401821 982.596680 
4266923401821 982.587158 
4266963401821 982.590576 
4267003401821 982.591797 
4267043401821 982.596680 
4267083401821 982.592041 
4267123401821 982.602783 
4267163401821 982.602783 
4267203401821 982.596680 
4267243401821 982.590820 
4267283401821 982.591553 
4267323401821 982.587158 
4267363401821 982.588135 
4267403401821 982.588379 
4267443401821 982.595459 
4267483401821 982.590088 
4267523401821 982.589600 
4267563401821 982.593018 
4267603401821 982.596191 
4267643401821 982.589355 
4267683401821 982.591797 
4267723401821 982.594482 
4267763401821 982.599121 
4267803401821 982.595215 
4267843401821 982.597168 
4267883401821 982.593262 
4267923401821 982.593750 
4267963401821 982.596680 
4268003401821 982.593750 
4268043401821 982.591797 
4268083401821 982.589355 
4268123401821 982.587891 
4268163401821 982.586426 
4268203401821 982.585938 
4268243401821 982.604248 
4268283401821 982.608887 
4268323401821 982.611816 
4268363401821 982.612549 
4268403401821 982.605957 
4268443401821 982.594727 
4268483401821 982.595947 
4268523401821 982.597900 
4268563401821 982.595459 
4268603401821 982.600098 
4268643401821 982.589111 
4268683401821 982.579346 
4268723401821 982.580566 
4268763401821 982.587402 
4268803401821 982.587158 
4268843401821 982.590332 
4268883401821 982.589600 
4268923401821 982.595459 
4268963401821 982.605713 
4269003401821 982.601074 
4269043401821 982.602295 
4269083401821 982.601563 
4269123401821 982.602783 
4269163401821 982.600830 
4269203401821 982.599121 
4269243401821 982.599609 
4269283401821 982.589355 
4269323401821 982.590820 
4269363401821 982.587646 
4269403401821 982.592041 
4269443401821 982.593506 
4269483401821 982.601807 
4269523401821 982.595947 
4269563401821 982.608398 
4269603401821 982.603271 
4269643401821 982.605469 
4269683401821 982.593018 
4269723401821 982.593506 
4269763401821 982.591553 
4269803401821 982.595215 
4269843401821 982.600586 
4269883401821 982.593750 
4269923401821 982.603027 
4269963401821 982.605225 
4270003401821 982.596924 
4270043401821 982.594727 
4270083401821 982.600098 
4270123401821 982.589600 
4270163401821 982.601318 
4270203401821 982.600830 
4270243401821 982.595703 
4270283401821 982.605469 
4270323401821 982.596436 
4270363401821 982.608643 
4270403401821 982.609375 
4270443401821 982.605225 
4270483401821 982.608398 
4270523401821 982.609131 
4270563401821 982.613770 
4270603401821 982.612305 
4270643401821 982.614258 
4270683401821 982.617920 
4270723401821 982.616943 
4270763401821 982.607910 
4270803401821 982.604248 
4270843401821 982.595215 
4270883401821 982.599121 
4270923401821 982.604492 
4270963401821 982.604980 
4271003401821 982.600586 
4271043401821 982.599365 
4271083401821 982.594727 
4271123401821 982.597656 
4271163401821 982.603271 
4271203401821 982.604248 
4271243401821 982.599121 
4271283401821 982.606201 
4271323401821 982.613037 
4271363401821 982.610596 
4271403401821 982.605957 
4271443401821 982.601074 
4271483401821 982.596680 
4271523401821 982.591553 
4271563401821 982.598633 
4271603401821 982.593262 
4271643401821 982.590088 
4271683401821 982.591797 
4271723401821 982.602295 
4271763401821 982.600098 
4271803401821 982.606934 
4271843401821 982.600098 
4271883401821 982.600098 
4271923401821 982.601807 
4271963401821 982.603760 
4272003401821 982.601318 
4272043401821 982.596924 
4272083401821 982.595947 
4272123401821 982.596680 
4272163401821 982.593262 
4272203401821 982.594482 
4272243401821 982.595947 
4272283401821 982.600342 
4272323401821 982.603760 
4272363401821 982.600586 
4272403401821 982.605713 
4272443401821 982.604248 
4272483401821 982.597168 
4272523401821 982.593506 
4272563401821 982.591064 
4272603401821 982.583496 
4272643401821 982.584229 
4272683401821 982.582764 
4272723401821 982.582764 
4272763401821 982.585693 
4272803401821 982.590820 
4272843401821 982.597412 
4272883401821 982.600342 
4272923401821 982.602051 
4272963401821 982.605957 
4273003401821 982.605713 
4273043401821 982.602539 
4273083401821 982.589355 
4273123401821 982.598877 
4273163401821 982.596436 
4273203401821 982.590576 
4273243401821 982.587891 
4273283401821 982.582764 
4273323401821 982.581543 
4273363401821 982.575439 
4273403401821 982.583496 
4273443401821 982.587158 
4273483401821 982.583984 
4273523401821 982.586182 
4273563401821 982.585938 
4273603401821 982.595703 
4273643401821 982.591064 
4273683401821 982.590820 
4273723401821 982.592773 
4273763401821 982.597900 
4273803401821 982.593262 
4273843401821 982.588623 
4273883401821 982.589600 
4273923401821 982.585938 
4273963401821 982.591064 
4274003401821 982.593018 
4274043401821 982.591797 
4274083401821 982.602783 
4274123401821 982.598389 
4274163401821 982.595947 
4274203401821 982.600098 
4274243401821 982.600342 
4274283401821 982.595947 
4274323401821 982.605469 
4274363401821 982.599365 
4274403401821 982.598877 
4274443401821 982.593262 
4274483401821 982.592773 
4274523401821 982.597412 
4274563401821 982.599854 
4274603401821 982.603271 
4274643401821 982.604736 
4274683401821 982.610107 
4274723401821 982.607910 
4274763401821 982.599854 
4274803401821 982.601074 
4274843401821 982.593994 
4274883401821 982.592529 
4274923401821 982.610840 
4274963401821 982.597412 
4275003401821 982.600830 
4275043401821 982.596924 
4275083401821 982.598877 
4275123401821 982.601807 
4275163401821 982.606689 
4275203401821 982.605957 
4275243401821 982.597900 
4275283401821 982.600586 
4275323401821 982.596191 
4275363401821 982.590820 
4275403401821 982.596436 
4275443401821 982.596924 
4275483401821 982.595215 
4275523401821 982.597900 
4275563401821 982.593262 
4275603401821 982.589355 
4275643401821 982.592041 
4275683401821 982.591553 
4275723401821 982.596191 
4275763401821 982.596191 
4275803401821 982.593018 
4275843401821 982.605469 
4275883401821 982.601807 
4275923401821 982.595459 
4275963401821 982.598145 
4276003401821 982.597168 
4276043401821 982.603516 
4276083401821 982.602295 
4276123401821 982.610352 
4276163401821 982.610107 
4276203401821 982.609619 
4276243401821 982.603027 
4276283401821 982.605957 
4276323401821 982.599121 
4276363401821 982.597412 
4276403401821 982.604736 
4276443401821 982.609131 
4276483401821 982.605713 
4276523401821 982.601074 
4276563401821 982.594482 
4276603401821 982.583984 
4276643401821 982.583496 
4276683401821 982.587646 
4276723401821 982.591309 
4276763401821 982.584717 
4276803401821 982.591309 
4276843401821 982.597168 
4276883401821 982.602051 
4276923401821 982.599609 
4276963401821 982.601318 
4277003401821 982.597412 
4277043401821 982.599365 
4277083401821 982.593994 
4277123401821 982.595215 
4277163401821 982.586182 
4277203401821 982.587402 
4277243401821 982.577637 
4277283401821 982.584473 
4277323401821 982.584229 
4277363401821 982.582764 
4277403401821 982.585693 
4277443401821 982.594238 
4277483401821 982.591309 
4277523401821 982.597412 
4277563401821 982.597656 
4277603401821 982.597168 
4277643401821 982.594727 
4277683401821 982.591309 
4277723401821 982.586914 
4277763401821 982.585449 
4277803401821 982.590088 
4277843401821 982.582275 
4277883401821 982.577393 
4277923401821 982.574707 
4277963401821 982.582031 
4278003401821 982.586670 
4278043401821 982.591797 
4278083401821 982.593262 
4278123401821 982.595459 
4278163401821 982.600830 
4278203401821 982.586914 
4278243401821 982.587646 
4278283401821 982.587891 
4278323401821 982.584229 
4278363401821 982.577881 
4278403401821 982.576660 
4278443401821 982.576660 
4278483401821 982.572998 
4278523401821 982.581543 
4278563401821 982.583496 
4278603401821 982.595459 
4278643401821 982.591309 
4278683401821 982.591553 
4278723401821 982.583252 
4278763401821 982.579590 
4278803401821 982.586182 
4278843401821 982.581543 
4278883401821 982.583008 
4278923401821 982.583984 
4278963401821 982.585938 
4279003401821 982.590576 
4279043401821 982.588623 
4279083401821 982.588623 
4279123401821 982.588867 
4279163401821 982.589844 
4279203401821 982.590088 
4279243401821 982.582520 
4279283401821 982.591797 
4279323401821 982.597168 
4279363401821 982.599365 
4279403401821 982.595703 
4279443401821 982.586182 
4279483401821 982.594727 
4279523401821 982.588135 
4279563401821 982.594727 
4279603401821 982.597900 
4279643401821 982.600342 
4279683401821 982.591797 
4279723401821 982.594971 
4279763401821 982.602539 
4279803401821 982.597900 
4279843401821 982.588623 
4279883401821 982.585938 
4279923401821 982.589600 
4279963401821 982.588379 
4280003401821 982.597900 
4280043401821 982.599365 
4280083401821 982.603271 
4280123401821 982.595459 
4280163401821 982.595215 
4280203401821 982.599121 
4280243401821 982.598877 
4280283401821 982.596680 
4280323401821 982.598389 
4280363401821 982.598633 
4280403401821 982.600098 
4280443401821 982.596436 
4280483401821 982.597900 
4280523401821 982.603516 
4280563401821 982.606445 
4280603401821 982.610107 
4280643401821 982.605469 
4280683401821 982.604004 
4280723401821 982.605713 
4280763401821 982.613525 
4280803401821 982.601074 
4280843401821 982.590088 
4280883401821 982.592773 
4280923401821 982.587402 
4280963401821 982.598145 
4281003401821 982.600342 
4281043401821 982.600342 
4281083401821 982.604004 
4281123401821 982.596191 
4281163401821 982.599609 
4281203401821 982.604248 
4281243401821 982.595947 
4281283401821 982.607422 
4281323401821 982.597900 
4281363401821 982.603516 
4281403401821 982.599609 
4281443401821 982.598145 
4281483401821 982.592285 
4281523401821 982.597900 
4281563401821 982.608643 
4281603401821 982.607666 
4281643401821 982.608643 
4281683401821 982.607666 
4281723401821 982.599609 
4281763401821 982.601318 
4281803401821 982.600586 
4281843401821 982.599365 
4281883401821 982.597656 
4281923401821 982.588867 
4281963401821 982.591553 
4282003401821 982.588379 
4282043401821 982.592041 
4282083401821 982.594971 
4282123401821 982.593262 
4282163401821 982.592529 
4282203401821 982.597656 
4282243401821 982.594727 
4282283401821 982.601318 
4282323401821 982.598145 
4282363401821 982.596436 
4282403401821 982.598145 
4282443401821 982.595947 
4282483401821 982.596680 
4282523401821 982.600342 
4282563401821 982.609131 
4282603401821 982.612793 
4282643401821 982.605225 
4282683401821 982.607178 
4282723401821 982.604004 
4282763401821 982.602783 
4282803401821 982.595459 
4282843401821 982.595703 
4282883401821 982.591064 
4282923401821 982.592773 
4282963401821 982.591309 
4283003401821 982.589111 
4283043401821 982.593018 
4283083401821 982.582520 
4283123401821 982.583984 
4283163401821 982.583740 
4283203401821 982.595703 
4283243401821 982.603027 
4283283401821 982.606445 
4283323401821 982.603516 
4283363401821 982.601318 
4283403401821 982.599854 
4283443401821 982.601074 
4283483401821 982.604492 
4283523401821 982.603027 
4283563401821 982.601563 
4283603401821 982.596191 
4283643401821 982.594482 
4283683401821 982.603271 
4283723401821 982.606201 
4283763401821 982.607666 
4283803401821 982.614746 
4283843401821 982.616699 
4283883401821 982.616455 
4283923401821 982.609863 
4283963401821 982.603516 
4284003401821 982.587646 
4284043401821 982.587158 
4284083401821 982.589844 
4284123401821 982.590332 
4284163401821 982.587646 
4284203401821 982.600098 
4284243401821 982.604492 
4284283401821 982.609375 
4284323401821 982.604736 
4284363401821 982.602295 
4284403401821 982.608643 
4284443401821 982.611084 
4284483401821 982.613281 
4284523401821 982.609131 
4284563401821 982.610352 
4284603401821 982.611084 
4284643401821 982.604248 
4284683401821 982.602783 
4284723401821 982.601807 
4284763401821 982.600342 
4284803401821 982.598633 
4284843401821 982.594727 
4284883401821 982.601807 
4284923401821 982.600586 
4284963401821 982.597900 
4285003401821 982.597900 
4285043401821 982.597900 
4285083401821 982.595947 
4285123401821 982.596191 
4285163401821 982.594482 
4285203401821 982.593506 
4285243401821 982.598389 
4285283401821 982.592041 
4285323401821 982.601318 
4285363401821 982.611084 
4285403401821 982.605957 
4285443401821 982.606201 
4285483401821 982.610107 
4285523401821 982.606445 
4285563401821 982.606445 
4285603401821 982.611572 
4285643401821 982.597656 
4285683401821 982.591553 
4285723401821 982.595215 
4285763401821 982.599121 
4285803401821 982.593018 
4285843401821 982.597168 
4285883401821 982.596924 
4285923401821 982.599854 
4285963401821 982.595947 
4286003401821 982.601807 
4286043401821 982.606934 
4286083401821 982.603516 
4286123401821 982.596680 
4286163401821 982.596924 
4286203401821 982.603027 
4286243401821 982.599609 
4286283401821 982.597168 
4286323401821 982.593506 
4286363401821 982.597656 
4286403401821 982.599121 
4286443401821 982.600342 
4286483401821 982.605713 
4286523401821 982.602783 
4286563401821 982.604248 
4286603401821 982.604736 
4286643401821 982.596436 
4286683401821 982.597900 
4286723401821 982.596436 
4286763401821 982.595215 
4286803401821 982.599854 
4286843401821 982.598877 
4286883401821 982.595215 
4286923401821 982.599121 
4286963401821 982.600098 
4287003401821 982.597656 
4287043401821 982.597412 
